Data statistics :
mean : [108.429146 110.71135  112.352066],std : [50.02141  46.909767 47.14743 ]
classWeights : [1.99073  2.290431]
